91
12
10
74
51
82
14
96
64
20
47
16
0
46
63
53
86
57
90
52
67
55
94
46
17
65
28
92
25
33
69
69
46
79
95
49
61
10
45
77
82
45
93
35
91
8
88
77
17
30
81
84
37
27
82
54
92
11
98
18
96
67
39
94
98
34
43
12
96
89
89
79
34
35
14
25
95
54
55
13
36
36
49
25
64
32
32
56
95
30
26
91
50
17
86
0
52
29
12
48
70
54
79
56
41
93
34
36
99
41
1
87
29
51
13
93
83
97
2
78
27
80
21
29
98
7
30
50
89
94
50
11
48
30
68
41
75
54
78
27
95
31
14
76
34
79
70
17
76
24
47
56
56
69
37
54
28
19
56
17
14
7
29
14
89
49
56
64
55
86
91
2
17
58
78
52
37
0
21
14
24
69
70
33
90
7
87
18
79
96
36
93
55
17
7
44
18
15
60
25
1
4
27
19
62
57
23
99
58
44
65
34
65
87
67
55
47
7
26
26
3
62
19
58
31
78
54
1
94
14
26
95
70
53
66
32
10
41
84
20
38
49
55
55
89
74
63
36
81
89
14
36
3
85
94
34
15
0
35
9
15
61
57
85
66
75
70
28
69
54
49
7
55
56
62
96
30
25
84
64
66
98
0
69
35
47
55
51
47
90
12
14
3
69
52
21
97
22
2
66
28
51
73
35
59
87
84
41
65
68
5
31
19
58
1
54
5
56
5
4
99
18
19
54
39
71
28
36
45
30
54
25
81
27
12
92
67
96
33
32
65
91
15
36
49
16
90
6
25
48
10
76
66
81
30
57
52
58
94
49
88
48
26
21
28
39
13
47
87
99
31
4
90
46
40
91
15
31
97
40
31
59
68
97
41
98
54
45
9
0
95
49
1
73
23
81
12
88
28
52
87
11
56
29
57
97
20
72
80
69
64
11
29
32
60
70
83
66
15
92
19
62
93
20
88
16
53
52
5
33
4
44
44
61
74
1
10
46
26
90
16
42
53
97
75
65
67
58
31
34
2
2
49
47
22
37
16
27
89
73
60
94
17
56
7
43
10
17
42
36
59
58
78
64
55
5
29
74
15
12
8
17
15
57
17
89
46
33
17
36
6
29
82
23
86
89
19
96
6
61
84
17
71
62
81
78
20
62
52
35
74
12
5
41
70
22
31
68
55
0
4
61
81
86
36
67
75
7
15
33
20
51
2
91
66
83
69
86
45
21
21
72
34
26
13
56
48
96
24
55
96
81
68
78
67
57
97
95
64
65
80
85
16
83
28
82
18
98
20
16
71
42
88
57
20
53
65
69
50
42
76
98
23
45
28
42
54
26
89
18
43
22
55
11
57
84
94
75
34
14
91
5
8
31
63
29
37
80
50
87
22
78
85
45
23
14
40
77
92
81
48
35
3
55
46
60
39
92
88
73
59
31
31
19
63
46
48
0
26
50
39
49
29
76
46
4
90
38
34
34
20
82
69
23
37
68
36
29
12
24
54
71
55
85
91
70
31
91
70
10
94
61
11
23
38
9
27
28
48
61
15
20
95
84
95
85
4
31
14
17
55
68
40
11
6
83
81
89
27
4
99
21
65
62
96
55
72
23
84
20
37
99
40
32
35
87
17
92
19
83
61
74
4
53
37
10
89
71
99
16
27
51
89
92
13
85
48
85
60
84
57
49
35
49
82
22
37
51
66
56
87
27
82
91
81
72
1
22
43
52
90
70
55
79
14
69
16
14
6
28
50
16
78
85
65
12
60
54
15
26
62
2
54
45
93
87
17
46
61
12
51
51
82
6
30
48
27
98
63
34
26
13
50
56
51
67
68
11
22
36
37
84
38
43
81
84
82
50
30
43
62
81
94
96
40
76
45
67
74
8
53
53
73
55
61
24
23
82
35
97
18
25
33
56
20
67
92
3
17
23
46
80
56
93
28
48
69
73
16
96
33
21
1
7
77
62
83
52
44
71
1
62
96
86
71
16
53
63
71
71
38
70
3
47
63
31
95
84
5
63
80
90
85
81
49
14
96
33
18
92
56
19
55
4
57
78
72
11
93
44
82
32
14
37
31
29
68
26
13
25
42
94
16
79
27
17
45
75
2
63
68
58
34
75
62
91
53
35
2
46
79
36
30
45
73
61
74
42
40
87
19
34
33
87
13
61
5
58
88
7
73
56
66
7
31
28
50
36
15
53
35
94
41
65
91
15
79
65
9
71
5
28
5
38
16
70
51
21
80
40
80
53
48
46
12
80
27
62
68
42
